[7 5 6 1 8 0 3 9 4 2]
[4 2 7 5 1 6 8 0 9 3]
[0 8 2 7 5 6 1 4 3 9]
[5 6 1 8 0 9 3 4 2 7]
[1 8 0 9 3 4 2 7 5 6]
[9 0 8 1 6 5 7 2 3 4]
[9 0 8 1 3 4 2 7 6 5]
[4 2 7 5 1 6 8 0 9 3]
[9 3 1 6 5 7 2 4 8 0]
[9 3 4 2 7 5 6 1 8 0]
[0 5 7 2 4 9 3 1 6 8]
[0 8 1 6 5 7 2 4 3 9]
[6 1 2 7 5 4 3 9 0 8]
[9 0 8 1 6 5 7 2 4 3]
[5 0 8 6 1 3 9 4 2 7]
[0 9 3 4 2 7 5 6 1 8]
[0 8 6 5 7 2 1 3 4 9]
[6 5 7 2 8 0 9 4 3 1]
[2 3 4 9 0 8 1 6 5 7]
[7 2 4 8 0 9 3 1 6 5]
[0 8 2 7 5 6 1 3 4 9]
[0 9 4 3 1 6 5 7 2 8]
[6 8 0 9 5 7 2 4 3 1]
[1 2 7 5 6 8 0 9 4 3]
[1 3 9 0 8 4 2 7 5 6]
[2 7 5 6 1 8 0 9 3 4]
[9 0 8 1 6 5 7 2 4 3]
[0 9 5 7 2 4 3 1 6 8]
[0 8 1 6 5 7 2 3 4 9]
[1 6 8 0 9 3 4 2 7 5]


